“dale1.38629 1      0         
único1.38629 1      1         
óscar0.69314 2      2         
ï    1.38629 1      4         
área 1.38629 1      5         
ánimo1.38629 1      6         
½s   1.38629 1      7         
½ola 1.38629 1      8         
½o   1.38629 1      9         
½n   0.69314 2      10         
½as  1.38629 1      12         
½    1.38629 1      13         
©    0.69314 2      14         
|    1.38629 1      16         
youth1.38629 1      17         
your 1.38629 1      18         
yemen1.38629 1      19         
year”1.38629 1      20         
years1.38629 1      21         
year"1.38629 1      22         
year 1.38629 1      23         
yahoo1.38629 1      24         
ya   1.38629 1      25         
y    0.0     4      26         
xxvii1.38629 1      30         
x    1.38629 1      31         
www  1.38629 1      32         
would1.38629 1      33         
world0.0     3      34         
won  1.38629 1      37         
wn   1.38629 1      38         
with 1.38629 1      39         
will 1.38629 1      40         
who  1.38629 1      41         
which1.38629 1      42         
where1.38629 1      43         
when 1.38629 1      44         
were 1.38629 1      45         
went 1.38629 1      46         
week 1.38629 1      47         
was  1.38629 1      48         
wars 1.38629 1      49         
war  1.38629 1      50         
vs   1.38629 1      51         
voz  1.38629 1      52         
vista0.69314 2      53         
visit0.69314 2      55         
vimeo1.38629 1      57         
villa0.69314 2      58         
video0.0     4      60         
vida 1.38629 1      64         
vico 1.38629 1      65         
viaje1.38629 1      66         
vi   1.38629 1      67         
ver  1.38629 1      68         
usted1.38629 1      69         
used 1.38629 1      70         
us   1.38629 1      71         
url  1.38629 1      72         
urban1.38629 1      73         
up   1.38629 1      74         
until1.38629 1      75         
unos 1.38629 1      76         
uno  1.38629 1      77         
unete1.38629 1      78         
under1.38629 1      79         
una  0.69314 2      80         
un   0.0     3      82         
udc  1.38629 1      85         
ucr  1.38629 1      86         
u    1.38629 1      87         
two  1.38629 1      88         
tv   1.38629 1      89         
tunes1.38629 1      90         
tr3s 1.38629 1      91         
tour 1.38629 1      92         
total1.38629 1      93         
top  1.38629 1      94         
tomó 1.38629 1      95         
toma 1.38629 1      96         
todo 0.69314 2      97         
today1.38629 1      99         
todas1.38629 1      100         
toda 1.38629 1      101         
to   0.69314 2      102         
tito 1.38629 1      104         
tipos1.38629 1      105         
tipo 1.38629 1      106         
tiene1.38629 1      107         
ticos1.38629 1      108         
tico 1.38629 1      109         
tic  1.38629 1      110         
three1.38629 1      111         
this 0.69314 2      112         
third1.38629 1      114         
they 1.38629 1      115         
these1.38629 1      116         
there1.38629 1      117         
then 1.38629 1      118         
their1.38629 1      119         
theft1.38629 1      120         
the  0.69314 2      121         
that 1.38629 1      123         
than 1.38629 1      124         
th   1.38629 1      125         
text 1.38629 1      126         
tests1.38629 1      127         
test 0.69314 2      128         
tenis1.38629 1      130         
tener1.38629 1      131         
temas1.38629 1      132         
team 1.38629 1      133         
tarea1.38629 1      134         
tanto0.69314 2      135         
take 1.38629 1      137         
taboo1.38629 1      138         
sven 1.38629 1      139         
sus  1.38629 1      140         
sued 1.38629 1      141         
sueco1.38629 1      142         
su   0.0     3      143         
story1.38629 1      146         
store1.38629 1      147         
start0.69314 2      148         
star 1.38629 1      150         
spot 1.38629 1      151         
south1.38629 1      152         
sort 1.38629 1      153         
songs1.38629 1      154         
song 1.38629 1      155         
son  0.69314 2      156         
somos1.38629 1      158         
solís1.38629 1      159         
solo 0.69314 2      160         
sold 1.38629 1      162         
sol" 1.38629 1      163         
sobre0.0     3      164         
sms  1.38629 1      167         
sleep1.38629 1      168         
sites1.38629 1      169         
sirve1.38629 1      170         
sin  1.38629 1      171         
sign 1.38629 1      172         
sido 1.38629 1      173         
side 1.38629 1      174         
si   1.38629 1      175         
show 1.38629 1      176         
share1.38629 1      177         
set  1.38629 1      178         
será 0.69314 2      179         
sepln1.38629 1      181         
see  0.69314 2      182         
sede 1.38629 1      184         
seat 1.38629 1      185         
se   0.69314 2      186         
save 1.38629 1      188         
santo1.38629 1      189         
santa1.38629 1      190         
san  1.38629 1      191         
salud1.38629 1      192         
sales1.38629 1      193         
salas1.38629 1      194         
sabia1.38629 1      195         
s    1.38629 1      196         
rowdy1.38629 1      197         
row  1.38629 1      198         
round1.38629 1      199         
risk 1.38629 1      200         
rico 1.38629 1      201         
rican0.69314 2      202         
rica)1.38629 1      204         
rica 0.69314 2      205         
redes1.38629 1      207         
read 1.38629 1      208         
rap  1.38629 1      209         
radio1.38629 1      210         
racha1.38629 1      211         
que  0.0     3      212         
pérez1.38629 1      215         
pura 1.38629 1      216         
punto1.38629 1      217         
pulga1.38629 1      218         
prize1.38629 1      219         
price1.38629 1      220         
pose 1.38629 1      221         
por  0.0     4      222         
pop  1.38629 1      226         
point1.38629 1      227         
poco 1.38629 1      228         
plays1.38629 1      229         
play 1.38629 1      230         
plant1.38629 1      231         
place0.69314 2      232         
pista1.38629 1      234         
pie  1.38629 1      235         
photo0.0     3      236         
pero 0.69314 2      239         
perez1.38629 1      241         
pelea1.38629 1      242         
peace1.38629 1      243         
pdf  1.38629 1      244         
país 1.38629 1      245         
paz  1.38629 1      246         
pasar1.38629 1      247         
parte1.38629 1      248         
part 1.38629 1      249         
para 0.0     3      250         
pages1.38629 1      253         
page 1.38629 1      254         
owner1.38629 1      255         
over 1.38629 1      256         
out  1.38629 1      257         
otros1.38629 1      258         
otras1.38629 1      259         
other1.38629 1      260         
ortiz1.38629 1      261         
oro  1.38629 1      262         
order1.38629 1      263         
or   1.38629 1      264         
only 1.38629 1      265         
one  1.38629 1      266         
once 1.38629 1      267         
on   1.38629 1      268         
omar 1.38629 1      269         
off  1.38629 1      270         
of   1.38629 1      271         
oeste1.38629 1      272         
ocho 1.38629 1      273         
o    1.38629 1      274         
nyc  1.38629 1      275         
nuevo0.0     4      276         
now  1.38629 1      280         
not  1.38629 1      281         
nobel1.38629 1      282         
no   0.0     3      283         
nivel0.69314 2      286         
night1.38629 1      288         
next 1.38629 1      289         
news 1.38629 1      290         
new  1.38629 1      291         
never1.38629 1      292         
net  1.38629 1      293         
nery 1.38629 1      294         
name 1.38629 1      295         
n    1.38629 1      296         
mï   1.38629 1      297         
más  0.69314 2      298         
music0.0     3      300         
mundo0.69314 2      303         
mucho1.38629 1      305         
mtv's1.38629 1      306         
mp4  1.38629 1      307         
movie1.38629 1      308         
most 1.38629 1      309         
more 1.38629 1      310         
month0.69314 2      311         
modo 1.38629 1      313         
mix  1.38629 1      314         
mismo1.38629 1      315         
mil  1.38629 1      316         
miami1.38629 1      317         
met  1.38629 1      318         
messi1.38629 1      319         
mesa 1.38629 1      320         
menos1.38629 1      321         
meet 1.38629 1      322         
me   1.38629 1      323         
mc   1.38629 1      324         
may  0.69314 2      325         
match0.69314 2      327         
marzo1.38629 1      329         
maria1.38629 1      330         
march1.38629 1      331         
mar  1.38629 1      332         
mapa 1.38629 1      333         
male 1.38629 1      334         
mala 1.38629 1      335         
make 1.38629 1      336         
major1.38629 1      337         
made 1.38629 1      338         
m    1.38629 1      339         
línea1.38629 1      340         
luz  1.38629 1      341         
luny 1.38629 1      342         
lugar1.38629 1      343         
luego1.38629 1      344         
lucro1.38629 1      345         
luces1.38629 1      346         
lp   1.38629 1      347         
los  0.0     3      348         
looms1.38629 1      351         
looks1.38629 1      352         
login1.38629 1      353         
local0.69314 2      354         
loca 1.38629 1      356         
lo   0.69314 2      357         
live 1.38629 1      359         
list 1.38629 1      360         
links1.38629 1      361         
lind 1.38629 1      362         
like 1.38629 1      363         
life 1.38629 1      364         
lie  1.38629 1      365         
level1.38629 1      366         
less)1.38629 1      367         
left 1.38629 1      368         
leave1.38629 1      369         
le   1.38629 1      370         
latin0.69314 2      371         
later1.38629 1      373         
late 1.38629 1      374         
last 1.38629 1      375         
las  0.0     4      376         
lack 1.38629 1      380         
label0.69314 2      381         
la   0.0     4      383         
ko   1.38629 1      387         
known1.38629 1      388         
kings0.69314 2      389         
king 1.38629 1      391         
kids 1.38629 1      392         
keep 1.38629 1      393         
just 1.38629 1      394         
jury 1.38629 1      395         
june 1.38629 1      396         
jun  1.38629 1      397         
july 1.38629 1      398         
jul  1.38629 1      399         
juego0.0     3      400         
judge1.38629 1      403         
juan 1.38629 1      404         
josé 1.38629 1      405         
jose 1.38629 1      406         
jesús1.38629 1      407         
jan  1.38629 1      408         
j-tv 1.38629 1      409         
iv   1.38629 1      410         
its  1.38629 1      411         
it   1.38629 1      412         
issue1.38629 1      413         
is   1.38629 1      414         
ir   1.38629 1      415         
into 1.38629 1      416         
in   1.38629 1      417         
imf  1.38629 1      418         
if   1.38629 1      419         
idon 1.38629 1      420         
i+d+i1.38629 1      421         
i've 1.38629 1      422         
i    1.38629 1      423         
hub  1.38629 1      424         
hu   1.38629 1      425         
http 0.69314 2      426         
hotel1.38629 1      428         
home 1.38629 1      429         
his  1.38629 1      430         
hips 1.38629 1      431         
him  1.38629 1      432         
here 1.38629 1      433         
held 1.38629 1      434         
hecho1.38629 1      435         
he   1.38629 1      436         
hd   1.38629 1      437         
have 1.38629 1      438         
hasta1.38629 1      439         
has  1.38629 1      440         
hanna0.0     4      441         
han  1.38629 1      445         
had  1.38629 1      446         
hacia1.38629 1      447         
group1.38629 1      448         
groin1.38629 1      449         
grass1.38629 1      450         
grand1.38629 1      451         
goran1.38629 1      452         
goal 1.38629 1      453         
get  1.38629 1      454         
genus1.38629 1      455         
genre1.38629 1      456         
games1.38629 1      457         
game 1.38629 1      458         
g8   1.38629 1      459         
fué  1.38629 1      460         
fury 1.38629 1      461         
fuera1.38629 1      462         
fue  1.38629 1      463         
from 1.38629 1      464         
four 1.38629 1      465         
forms1.38629 1      466         
for  1.38629 1      467         
focal1.38629 1      468         
flujo1.38629 1      469         
flash1.38629 1      470         
first1.38629 1      471         
fino 1.38629 1      472         
final1.38629 1      473         
fin  1.38629 1      474         
film 1.38629 1      475         
fifa 1.38629 1      476         
few  1.38629 1      477         
feb  1.38629 1      478         
fc   1.38629 1      479         
fase 1.38629 1      480         
fans 1.38629 1      481         
fails1.38629 1      482         
fa   1.38629 1      483         
event0.0     3      484         
even 1.38629 1      487         
está 1.38629 1      488         
este 1.38629 1      489         
espaï1.38629 1      490         
eso  1.38629 1      491         
es   0.0     3      492         
eric 1.38629 1      495         
entry1.38629 1      496         
entre0.69314 2      497         
ent  1.38629 1      499         
enero1.38629 1      500         
ended1.38629 1      501         
end  1.38629 1      502         
en   0.0     4      503         
email1.38629 1      507         
eliel1.38629 1      508         
el   0.0     4      509         
edit 1.38629 1      513         
early1.38629 1      514         
e    1.38629 1      515         
dï   1.38629 1      516         
día  0.69314 2      517         
dvd] 1.38629 1      519         
duo  1.38629 1      520         
due  1.38629 1      521         
draw 1.38629 1      522         
dozen0.69314 2      523         
done 1.38629 1      525         
donde1.38629 1      526         
don't1.38629 1      527         
don  1.38629 1      528         
dna  1.38629 1      529         
dj's 1.38629 1      530         
dj   1.38629 1      531         
diva"1.38629 1      532         
diva 1.38629 1      533         
diseï1.38629 1      534         
depto1.38629 1      535         
dela 1.38629 1      536         
del  0.0     3      537         
dec  1.38629 1      540         
debut1.38629 1      541         
de   0.0     4      542         
days 1.38629 1      546         
datos1.38629 1      547         
date 1.38629 1      548         
danza1.38629 1      549         
dando1.38629 1      550         
dale”1.38629 1      551         
daddy1.38629 1      552         
dada 1.38629 1      553         
da   0.69314 2      554         
d'or 1.38629 1      556         
d    1.38629 1      557         
cup  1.38629 1      558         
cual 1.38629 1      559         
cruz 1.38629 1      560         
creó 1.38629 1      561         
cr   1.38629 1      562         
could1.38629 1      563         
costo1.38629 1      564         
costa-Infini 7      565         
cost 1.38629 1      572         
cosce1.38629 1      573         
copa 1.38629 1      574         
con  0.0     4      575         
como 0.0     3      579         
com  1.38629 1      582         
cold 1.38629 1      583         
coach1.38629 1      584         
cnn  1.38629 1      585         
club 1.38629 1      586         
close0.69314 2      587         
clear1.38629 1      589         
clash1.38629 1      590         
clase1.38629 1      591         
civil1.38629 1      592         
city 1.38629 1      593         
cimad1.38629 1      594         
china1.38629 1      595         
chart0.0     3      596         
chaco1.38629 1      599         
ceo  1.38629 1      600         
casa 1.38629 1      601         
cara 1.38629 1      602         
canal0.69314 2      603         
campo1.38629 1      605         
c    1.38629 1      606         
bï   1.38629 1      607         
by   1.38629 1      608         
but  1.38629 1      609         
built1.38629 1      610         
broke1.38629 1      611         
boxeo1.38629 1      612         
both 1.38629 1      613         
born 1.38629 1      614         
blip 1.38629 1      615         
blank1.38629 1      616         
birth0.69314 2      617         
best 1.38629 1      619         
being1.38629 1      620         
began1.38629 1      621         
been 1.38629 1      622         
beat 1.38629 1      623         
be   1.38629 1      624         
bases1.38629 1      625         
back 1.38629 1      626         
años 1.38629 1      627         
año  1.38629 1      628         
ayer 1.38629 1      629         
away 1.38629 1      630         
award0.69314 2      631         
auto 1.38629 1      633         
at   1.38629 1      634         
aspx 1.38629 1      635         
asian1.38629 1      636         
as   1.38629 1      637         
arias0.69314 2      638         
area 1.38629 1      640         
are  1.38629 1      641         
arab 1.38629 1      642         
aquï 1.38629 1      643         
aquí 0.69314 2      644         
april1.38629 1      646         
apr  1.38629 1      647         
any  1.38629 1      648         
anual1.38629 1      649         
ante 1.38629 1      650         
anotó1.38629 1      651         
angel1.38629 1      652         
and  1.38629 1      653         
an   1.38629 1      654         
alto 1.38629 1      655         
also 1.38629 1      656         
all  1.38629 1      657         
album0.0     3      658         
al   0.69314 2      661         
ahora1.38629 1      663         
age  1.38629 1      664         
again0.69314 2      665         
after0.69314 2      667         
add  1.38629 1      669         
actor1.38629 1      670         
acto 1.38629 1      671         
able 1.38629 1      672         
abajo0.69314 2      673         
a    0.0     4      675         
_20111.38629 1      679         
[cd  1.38629 1      680         
@    1.38629 1      681         
90   1.38629 1      682         
9    0.69314 2      683         
8    0.0     3      685         
74   1.38629 1      688         
7    0.0     4      689         
6    0.0     3      693         
58   1.38629 1      696         
57   1.38629 1      697         
51   1.38629 1      698         
500  1.38629 1      699         
50   1.38629 1      700         
5    0.0     4      701         
48   1.38629 1      705         
43   1.38629 1      706         
4    0.0     3      707         
39   1.38629 1      710         
350  1.38629 1      711         
35   0.69314 2      712         
342001.38629 1      714         
32   1.38629 1      715         
31   1.38629 1      716         
30   1.38629 1      717         
3    0.0     3      718         
29   1.38629 1      721         
28   1.38629 1      722         
27   0.69314 2      723         
26   1.38629 1      725         
25   1.38629 1      726         
24   1.38629 1      727         
23   1.38629 1      728         
22   1.38629 1      729         
2011)1.38629 1      730         
2011 0.0     3      731         
2010s1.38629 1      734         
2010 0.69314 2      735         
200m 1.38629 1      737         
2009 1.38629 1      738         
2008 0.69314 2      739         
2007 1.38629 1      741         
2006 1.38629 1      742         
2005 1.38629 1      743         
2004 1.38629 1      744         
2003 1.38629 1      745         
2001 1.38629 1      746         
2000s1.38629 1      747         
2000)1.38629 1      748         
20   0.69314 2      749         
2-1  1.38629 1      751         
2-0  1.38629 1      752         
2    0.0     3      753         
1990 1.38629 1      756         
1987 1.38629 1      757         
1986 1.38629 1      758         
1985 1.38629 1      759         
1984 1.38629 1      760         
1978)1.38629 1      761         
1978 1.38629 1      762         
1940)1.38629 1      763         
1924 1.38629 1      764         
19   0.69314 2      765         
18   0.69314 2      767         
17   1.38629 1      769         
16   0.69314 2      770         
15   0.69314 2      772         
14   0.69314 2      774         
13   0.69314 2      776         
12   0.69314 2      778         
11   0.69314 2      780         
105  1.38629 1      782         
10   0.69314 2      783         
1-0  1.38629 1      785         
1    0.0     3      786         
093  1.38629 1      789         
09   1.38629 1      790         
08   1.38629 1      791         
07   1.38629 1      792         
064  1.38629 1      793         
06   1.38629 1      794         
05   1.38629 1      795         
04   1.38629 1      796         
03   1.38629 1      797         
02   1.38629 1      798         
01   1.38629 1      799         
000  1.38629 1      800         
00   1.38629 1      801         
0-2  1.38629 1      802         
0-0  1.38629 1      803         
--   1.38629 1      804         
-    0.0     3      805         
)    1.38629 1      808         
(his 1.38629 1      809         
(born1.38629 1      810         
(26  1.38629 1      811         
(20  1.38629 1      812         
(    1.38629 1      813         
'01  1.38629 1      814         
'''  1.38629 1      815         
&    1.38629 1      816         
$70  1.38629 1      817         
#1   1.38629 1      818         
"up  1.38629 1      819         
"sexy1.38629 1      820         
"new 1.38629 1      821         
"los 1.38629 1      822         
"king1.38629 1      823         
